  1.00000000e+00
  1.00000000e+00
  1.00000000e+00
  1.00000000e+00
  1.00000000e+00
  1.00000000e+00
  1.00000000e+00
  1.00000000e+00
  1.00000000e+00
  1.00000000e+00
  1.00000000e+00
  1.00000000e+00
  1.00000000e+00
  1.00000000e+00
  1.00000000e+00
  1.00000000e+00
  1.40000000e+00
  1.00000000e+00
  1.00000000e+00
  1.00000000e+00
  1.00000000e+00
  1.00000000e+00
  1.00000000e+00
  1.00000000e+00
  1.00000000e+00
  1.00000000e+00
  1.00000000e+00
  1.00000000e+00
  1.00000000e+00
  1.00000000e+00
  1.00000000e+00
  1.00000000e+00
  1.00000000e+00
  1.00000000e+00
  1.00000000e+00
  1.00000000e+00
  1.00000000e+00
  1.00000000e+00
  1.00000000e+00
  1.00000000e+00
  1.00000000e+00
  1.00000000e+00
  1.00000000e+00
  1.00000000e+00
  1.00000000e+00
  1.00000000e+00
  1.00000000e+00
  1.00000000e+00
  1.00000000e+00
  1.00000000e+00
  1.00000000e+00
  1.00000000e+00
  1.00000000e+00
  1.00000000e+00
  1.00000000e+00
  1.00000000e+00
  1.00000000e+00
  1.00000000e+00
  1.00000000e+00
  1.50000000e+00
  1.00000000e+00
  1.00000000e+00
  1.00000000e+00
  1.00000000e+00
  1.00000000e+00
  1.00000000e+00
  1.00000000e+00
  1.00000000e+00
  1.00000000e+00
  1.00000000e+00
  1.00000000e+00
  1.00000000e+00
  1.00000000e+00
  1.00000000e+00
  1.00000000e+00
  1.00000000e+00
  1.00000000e+00
  1.00000000e+00
  1.00000000e+00
  1.00000000e+00
  1.00000000e+00
  1.00000000e+00
  1.00000000e+00
  1.00000000e+00
  1.20000000e+00
  1.00000000e+00
  1.00000000e+00
  1.00000000e+00
  1.00000000e+00
  1.00000000e+00
  1.00000000e+00
  1.00000000e+00
  1.00000000e+00
  1.00000000e+00
  1.00000000e+00
  1.00000000e+00
  1.00000000e+00
  1.00000000e+00
  1.00000000e+00
  1.00000000e+00
